[gd_scene format=3 uid="uid://cxytv2su15ym8"]

[ext_resource type="Script" uid="uid://7mgo6go2n7rc" path="res://demo/players/rigid_player/LocalRigidPlayerPrediction.cs" id="1_lrpp"]
[ext_resource type="Script" uid="uid://o8fwa7kmma11" path="res://addons/monke-net/src/Shared/PredictionRigidbody3D.cs" id="2_predrb"]
[ext_resource type="Script" uid="uid://bqe2nbydcn6ye" path="res://demo/players/local_player/FirstPersonCameraController.cs" id="3_camera"]
[ext_resource type="Script" uid="uid://pmpqsvm3qlvu" path="res://demo/players/local_player/PlayerInputProducer.cs" id="4_input"]
[ext_resource type="PackedScene" uid="uid://bsg5g6qsvepfc" path="res://resources/Knight.glb" id="5_knight"]
[ext_resource type="Script" uid="uid://232c1ulw1sk3" path="res://demo/players/rigid_player/RigidPlayerAnimationDriver.cs" id="6_animdrv"]

[sub_resource type="PhysicsMaterial" id="PhysicsMaterial_rplyr"]
friction = 0.3

[sub_resource type="CapsuleShape3D" id="CapsuleShape3D_rplyr"]

[sub_resource type="AnimationNodeAnimation" id="AnimationNodeAnimation_idle"]
animation = &"Idle"

[sub_resource type="AnimationNodeAnimation" id="AnimationNodeAnimation_jump"]
animation = &"Jump_Full_Long"

[sub_resource type="AnimationNodeAnimation" id="AnimationNodeAnimation_run"]
animation = &"Running_A"

[sub_resource type="AnimationNodeStateMachineTransition" id="ANSMT_idle_to_run"]
xfade_time = 0.2
advance_mode = 2
advance_condition = &"run"

[sub_resource type="AnimationNodeStateMachineTransition" id="ANSMT_run_to_idle"]
xfade_time = 0.2
advance_mode = 2
advance_condition = &"idle"

[sub_resource type="AnimationNodeStateMachineTransition" id="ANSMT_start_to_idle"]
advance_mode = 2

[sub_resource type="AnimationNodeStateMachineTransition" id="ANSMT_idle_to_jump"]
xfade_time = 0.2
advance_mode = 2
advance_condition = &"jump"

[sub_resource type="AnimationNodeStateMachineTransition" id="ANSMT_jump_to_idle"]
xfade_time = 0.2
switch_mode = 2
advance_mode = 2

[sub_resource type="AnimationNodeStateMachine" id="AnimationNodeStateMachine_rplyr"]
states/Idle/node = SubResource("AnimationNodeAnimation_idle")
states/Idle/position = Vector2(388, 49)
states/Jump_Full_Long/node = SubResource("AnimationNodeAnimation_jump")
states/Jump_Full_Long/position = Vector2(640, 43)
states/Running_A/node = SubResource("AnimationNodeAnimation_run")
states/Running_A/position = Vector2(470, 140)
transitions = ["Idle", "Running_A", SubResource("ANSMT_idle_to_run"), "Running_A", "Idle", SubResource("ANSMT_run_to_idle"), "Start", "Idle", SubResource("ANSMT_start_to_idle"), "Idle", "Jump_Full_Long", SubResource("ANSMT_idle_to_jump"), "Jump_Full_Long", "Idle", SubResource("ANSMT_jump_to_idle")]

[node name="LocalRigidPlayer" type="RigidBody3D" unique_id=1602080700]
collision_layer = 2
collision_mask = 3
physics_material_override = SubResource("PhysicsMaterial_rplyr")
lock_rotation = true

[node name="CollisionShape3D" type="CollisionShape3D" parent="." unique_id=1602080701]
transform = Transform3D(1, 0, 0, 0, 1, 0, 0, 0, 1, 0, 1, 0)
shape = SubResource("CapsuleShape3D_rplyr")

[node name="KnightRig" parent="." unique_id=1602080710 instance=ExtResource("5_knight")]

[node name="Skeleton3D" parent="KnightRig/Rig" parent_id_path=PackedInt32Array(1602080710, 214440352) index="0" unique_id=1446148158]
bones/1/position = Vector3(0, 0.389343, 0)
bones/1/rotation = Quaternion(-1.11122625e-10, 0.043157753, 2.5724098e-09, 0.9990683)
bones/2/rotation = Quaternion(-6.938893e-18, 7.1054274e-15, 4.93038e-32, 1)
bones/3/rotation = Quaternion(8.271806e-25, 3.7252903e-09, -2.75506e-40, 1)
bones/4/position = Vector3(0.21200736, 0.13413203, 7.9299625e-08)
bones/4/rotation = Quaternion(-0.55770653, -0.06211433, -0.6496644, 0.5128757)
bones/5/rotation = Quaternion(1.940329e-08, -4.811942e-08, -0.4852258, 0.87438893)
bones/7/rotation = Quaternion(-0.31928846, -0.32558188, 0.14069992, 0.87878036)
bones/8/position = Vector3(8.348433e-10, 0.096125185, -0.057500035)
bones/8/rotation = Quaternion(0.00078653544, 0.000786507, -0.7042137, 0.7099872)
bones/14/position = Vector3(-0.21200737, 0.13413203, 8.6813984e-08)
bones/14/rotation = Quaternion(-0.6164747, 0.08199077, 0.6230653, 0.47436938)
bones/15/rotation = Quaternion(2.0256905e-08, 5.569133e-08, 0.5088771, 0.8608392)
bones/17/rotation = Quaternion(-0.3175771, 0.30022502, -0.22229978, 0.8715461)
bones/18/position = Vector3(-1.573599e-08, 0.096125126, -0.057499975)
bones/18/rotation = Quaternion(0.0014791673, 0.0017422386, 0.70557034, 0.7086363)
bones/21/rotation = Quaternion(-5.8060785e-11, -0.031341746, -1.880125e-09, 0.99950874)
bones/24/position = Vector3(0.17094508, 0.1135872, 1.5994095e-08)
bones/24/rotation = Quaternion(0.9934442, 0.08340214, 0.074443534, 0.023895785)
bones/25/rotation = Quaternion(0.22932099, 6.5489075e-08, -1.5773578e-07, 0.9733509)
bones/26/rotation = Quaternion(-0.5350902, -0.20846735, 0.04879643, 0.817214)
bones/27/rotation = Quaternion(-9.740654e-09, 0.9203548, -0.39108446, 7.830904e-08)
bones/28/position = Vector3(-0.17094508, 0.11358732, 1.557549e-08)
bones/28/rotation = Quaternion(0.99669015, -0.029981518, 0.031277314, 0.06878659)
bones/29/rotation = Quaternion(0.29905763, -6.3484464e-08, 2.0782672e-07, 0.9542351)
bones/30/rotation = Quaternion(-0.5723576, 0.11433883, -0.010717816, 0.8119228)
bones/31/rotation = Quaternion(3.035913e-08, 0.9203548, -0.39108446, -6.953383e-08)
bones/32/rotation = Quaternion(0.7071068, -2.2930234e-07, -4.6055177e-08, 0.7071068)
bones/33/position = Vector3(0.20218208, 0.025990263, 0.20518117)
bones/33/rotation = Quaternion(-0.7071068, -7.052851e-08, -7.0528486e-08, 0.7071068)
bones/34/rotation = Quaternion(9.6579225e-09, 1.7795515e-09, 0.98571914, -0.1683977)
bones/35/position = Vector3(-2.6049376e-08, 0.21343614, -5.171498e-09)
bones/35/rotation = Quaternion(-1.012734e-07, 0.39108434, 0.92035484, -3.3509146e-08)
bones/36/position = Vector3(8.589881e-09, 0.16565004, -2.4096307e-09)
bones/37/rotation = Quaternion(1, -2.3313629e-09, 1.9977652e-07, -1.3421114e-15)
bones/39/rotation = Quaternion(0.7071068, -3.823849e-08, 1.4500867e-07, 0.7071068)
bones/40/rotation = Quaternion(-0.7071068, -7.0528515e-08, -7.05285e-08, 0.7071068)
bones/41/rotation = Quaternion(-5.8358944e-09, 6.4383693e-10, 0.9948094, 0.10175614)
bones/42/position = Vector3(-1.114822e-08, 0.21343614, -2.5094192e-15)
bones/42/rotation = Quaternion(-1.05795515e-07, 0.39108434, 0.92035484, -2.5864264e-08)
bones/43/position = Vector3(-6.3112755e-09, 0.16565004, 2.7069498e-09)
bones/44/rotation = Quaternion(1, 3.7652574e-09, 1.9487908e-07, 7.4505815e-09)
bones/46/rotation = Quaternion(-0.7071068, -7.279511e-08, -7.279509e-08, 0.7071068)
bones/47/position = Vector3(0.52084064, 0.7817747, -0.057637352)
bones/47/rotation = Quaternion(0.7946267, -1.1175871e-07, 0.6070983, -5.9604645e-08)
bones/48/rotation = Quaternion(-0.7071068, -7.279511e-08, -7.279509e-08, 0.7071068)
bones/49/position = Vector3(-0.5108437, 0.78177464, 0.05973692)
bones/49/rotation = Quaternion(-0.7582528, -1.527369e-07, 0.65196073, -1.1175871e-08)

[node name="1H_Sword_Offhand" parent="KnightRig/Rig/Skeleton3D" index="0" unique_id=702586942]
transform = Transform3D(2.0778929e-05, 0.26291952, 0.96481705, 0.9999632, -0.008165886, 0.0022040892, 0.008458383, 0.96478266, -0.2629102, 0.51212454, 0.6296494, -0.0027970895)
visible = false

[node name="Badge_Shield" parent="KnightRig/Rig/Skeleton3D" index="1" unique_id=437754441]
transform = Transform3D(2.0801497e-05, 0.2629193, 0.9648171, 0.9999632, -0.008168421, 0.0022047549, 0.008461004, 0.9647827, -0.26290998, 0.66252536, 0.6299931, -0.043780934)
visible = false

[node name="Rectangle_Shield" parent="KnightRig/Rig/Skeleton3D" index="2" unique_id=2006447081]
transform = Transform3D(2.0801497e-05, 0.2629193, 0.9648171, 0.9999632, -0.008168421, 0.0022047549, 0.008461004, 0.9647827, -0.26290998, 0.66252536, 0.6299931, -0.043780934)
visible = false

[node name="Round_Shield" parent="KnightRig/Rig/Skeleton3D" index="3" unique_id=1642568327]
transform = Transform3D(2.0801497e-05, 0.2629193, 0.9648171, 0.9999632, -0.008168421, 0.0022047549, 0.008461004, 0.9647827, -0.26290998, 0.66252536, 0.6299931, -0.043780934)

[node name="Spike_Shield" parent="KnightRig/Rig/Skeleton3D" index="4" unique_id=1700585556]
transform = Transform3D(2.0801497e-05, 0.2629193, 0.9648171, 0.9999632, -0.008168421, 0.0022047549, 0.008461004, 0.9647827, -0.26290998, 0.66252536, 0.6299931, -0.043780934)
visible = false

[node name="1H_Sword" parent="KnightRig/Rig/Skeleton3D" index="5" unique_id=1805368644]
transform = Transform3D(-0.0010302744, -0.15439679, 0.9880078, 0.99998975, -0.0043359767, 0.0003650612, 0.0042279908, 0.98799884, 0.15440004, -0.4962108, 0.6338519, 0.13882436)

[node name="2H_Sword" parent="KnightRig/Rig/Skeleton3D" index="6" unique_id=635319864]
transform = Transform3D(-0.0010302903, -0.15439679, 0.9880078, 0.99998975, -0.0043359916, 0.00036507487, 0.0042280033, 0.98799884, 0.15440004, -0.4962108, 0.6338519, 0.13882436)
visible = false

[node name="Knight_Helmet" parent="KnightRig/Rig/Skeleton3D" index="7" unique_id=285606774]
transform = Transform3D(0.9997204, -1.4014349e-09, 0.023646597, 1.3934147e-09, 0.99999994, 3.5568634e-10, -0.023646597, -3.226374e-10, 0.9997204, 4.6986912e-07, 1.1995708, -1.197793e-07)

[node name="Knight_Cape" parent="KnightRig/Rig/Skeleton3D" index="8" unique_id=1851400103]
transform = Transform3D(0.9962748, -5.1496167e-09, 0.08623532, 5.1304343e-09, 0.99999994, 4.4407705e-10, -0.08623532, 1.8800716e-15, 0.9962748, -1.6302259e-08, 1.1995709, -1.4013642e-07)

[node name="AnimationTree" type="AnimationTree" parent="." unique_id=1602080711]
root_node = NodePath("../KnightRig")
tree_root = SubResource("AnimationNodeStateMachine_rplyr")
anim_player = NodePath("../KnightRig/AnimationPlayer")
parameters/conditions/idle = true
parameters/conditions/jump = false
parameters/conditions/run = false

[node name="AnimationDriver" type="Node" parent="." unique_id=1602080712 node_paths=PackedStringArray("Body", "AnimTree")]
script = ExtResource("6_animdrv")
Body = NodePath("..")
AnimTree = NodePath("../AnimationTree")
metadata/_custom_type_script = "uid://232c1ulw1sk3"

[node name="PredictionRigidbody" type="Node" parent="." unique_id=1602080702 node_paths=PackedStringArray("_body")]
script = ExtResource("2_predrb")
_body = NodePath("..")
metadata/_custom_type_script = "uid://o8fwa7kmma11"

[node name="ClientPredictedEntity" type="Node" parent="." unique_id=1602080703 node_paths=PackedStringArray("_predictionRb")]
script = ExtResource("1_lrpp")
_predictionRb = NodePath("../PredictionRigidbody")
metadata/_custom_type_script = "uid://2rptuj0wp7kx"

[node name="RotationHelperY" type="Node3D" parent="." unique_id=1602080704]
transform = Transform3D(1, 0, 0, 0, 1, 0, 0, 0, 1, 0, 1.8, 0)
metadata/_edit_lock_ = true

[node name="Camera" type="Camera3D" parent="RotationHelperY" unique_id=1602080705]
cull_mask = 1048573
current = true
fov = 90.0
script = ExtResource("3_camera")

[node name="PlayerInputProducer" type="Node" parent="." unique_id=1602080706 node_paths=PackedStringArray("_cameraController")]
script = ExtResource("4_input")
_cameraController = NodePath("../RotationHelperY/Camera")

[editable path="KnightRig"]
