[gd_scene format=3 uid="uid://cfx1rqvxuku42"]

[ext_resource type="PackedScene" uid="uid://bsg5g6qsvepfc" path="res://resources/Knight.glb" id="1_7a525"]
[ext_resource type="Script" uid="uid://ckk4e44ekuhpf" path="res://demo/players/dummy_player/DummyStateInterpolation.cs" id="3_ewmdr"]

[sub_resource type="CapsuleShape3D" id="CapsuleShape3D_dummy"]

[sub_resource type="AnimationNodeAnimation" id="AnimationNodeAnimation_kv5mh"]
animation = &"Idle"

[sub_resource type="AnimationNodeAnimation" id="AnimationNodeAnimation_87ku5"]
animation = &"Jump_Full_Long"

[sub_resource type="AnimationNodeAnimation" id="AnimationNodeAnimation_df7y4"]
animation = &"Running_A"

[sub_resource type="AnimationNodeStateMachineTransition" id="AnimationNodeStateMachineTransition_3jlh5"]
xfade_time = 0.2
advance_mode = 2
advance_condition = &"run"

[sub_resource type="AnimationNodeStateMachineTransition" id="AnimationNodeStateMachineTransition_l4e0v"]
xfade_time = 0.2
advance_mode = 2
advance_condition = &"idle"

[sub_resource type="AnimationNodeStateMachineTransition" id="AnimationNodeStateMachineTransition_3t1r1"]
advance_mode = 2

[sub_resource type="AnimationNodeStateMachineTransition" id="AnimationNodeStateMachineTransition_xn3g4"]
xfade_time = 0.2
advance_mode = 2
advance_condition = &"jump"

[sub_resource type="AnimationNodeStateMachineTransition" id="AnimationNodeStateMachineTransition_5pjuw"]
xfade_time = 0.2
switch_mode = 2
advance_mode = 2

[sub_resource type="AnimationNodeStateMachine" id="AnimationNodeStateMachine_dd6xu"]
states/Idle/node = SubResource("AnimationNodeAnimation_kv5mh")
states/Idle/position = Vector2(388, 49)
states/Jump_Full_Long/node = SubResource("AnimationNodeAnimation_87ku5")
states/Jump_Full_Long/position = Vector2(640, 43)
states/Running_A/node = SubResource("AnimationNodeAnimation_df7y4")
states/Running_A/position = Vector2(470, 140)
transitions = ["Idle", "Running_A", SubResource("AnimationNodeStateMachineTransition_3jlh5"), "Running_A", "Idle", SubResource("AnimationNodeStateMachineTransition_l4e0v"), "Start", "Idle", SubResource("AnimationNodeStateMachineTransition_3t1r1"), "Idle", "Jump_Full_Long", SubResource("AnimationNodeStateMachineTransition_xn3g4"), "Jump_Full_Long", "Idle", SubResource("AnimationNodeStateMachineTransition_5pjuw")]

[node name="DummyPlayer" unique_id=1072408299 instance=ExtResource("1_7a525")]

[node name="ClientInterpolatedEntity" type="Node" parent="." index="0" unique_id=511178044 node_paths=PackedStringArray("_parent", "_skeleton", "_animTree", "_collisionBody")]
script = ExtResource("3_ewmdr")
_parent = NodePath("..")
_skeleton = NodePath("../Rig/Skeleton3D")
_animTree = NodePath("../AnimationTree")
_collisionBody = NodePath("../CollisionBody")
metadata/_custom_type_script = "uid://dimg286suceeh"

[node name="CollisionBody" type="CharacterBody3D" parent="." index="1" unique_id=601178044]
collision_layer = 2
collision_mask = 3

[node name="CollisionShape3D" type="CollisionShape3D" parent="CollisionBody" index="0" unique_id=701178044]
transform = Transform3D(1, 0, 0, 0, 1, 0, 0, 0, 1, 0, 1, 0)
shape = SubResource("CapsuleShape3D_dummy")

[node name="Skeleton3D" parent="Rig" parent_id_path=PackedInt32Array(214440352) index="0" unique_id=1446148158]
bones/1/position = Vector3(0, 0.39107504, 0)
bones/1/rotation = Quaternion(-1.11122625e-10, 0.043157753, 2.5724098e-09, 0.9990683)
bones/2/rotation = Quaternion(-6.938893e-18, 7.1054274e-15, 4.93038e-32, 1)
bones/3/rotation = Quaternion(8.271806e-25, 3.7252903e-09, -2.75506e-40, 1)
bones/4/position = Vector3(0.21200736, 0.13413203, 7.9299625e-08)
bones/4/rotation = Quaternion(-0.5590803, -0.061367884, -0.64621377, 0.51582074)
bones/4/scale = Vector3(0.999999, 0.999999, 1)
bones/5/rotation = Quaternion(2.0808653e-08, -4.126796e-08, -0.49097255, 0.87117517)
bones/6/rotation = Quaternion(-9.73784e-11, -2.98437e-10, 0.0266581, 0.999645)
bones/6/scale = Vector3(1, 1, 1)
bones/7/rotation = Quaternion(-0.3203591, -0.3253639, 0.1437611, 0.8779756)
bones/8/position = Vector3(8.348433e-10, 0.096125185, -0.057500035)
bones/8/rotation = Quaternion(0.00031592444, 0.00031589362, -0.70594627, 0.70826524)
bones/8/scale = Vector3(1, 1, 1)
bones/14/position = Vector3(-0.21200737, 0.13413203, 8.6813984e-08)
bones/14/rotation = Quaternion(-0.617586, 0.08122409, 0.61999696, 0.47706816)
bones/14/scale = Vector3(0.999999, 0.999999, 1)
bones/15/rotation = Quaternion(2.2101087e-08, 5.3885458e-08, 0.5143607, 0.85757405)
bones/16/rotation = Quaternion(-9.73784e-11, 2.98437e-10, -0.0266581, 0.999645)
bones/16/scale = Vector3(1, 1, 1)
bones/17/rotation = Quaternion(-0.31860992, 0.3003546, -0.2253757, 0.8703337)
bones/18/position = Vector3(-1.573599e-08, 0.096125126, -0.057499975)
bones/18/rotation = Quaternion(0.0005749296, 0.00067717984, 0.70651054, 0.70770204)
bones/18/scale = Vector3(1, 1, 1)
bones/21/rotation = Quaternion(-5.8060785e-11, -0.031341746, -1.880125e-09, 0.99950874)
bones/24/position = Vector3(0.17094508, 0.1135872, 1.5994095e-08)
bones/24/rotation = Quaternion(0.99363405, 0.08358309, 0.0738606, 0.015807182)
bones/24/scale = Vector3(1, 1, 1)
bones/25/rotation = Quaternion(0.20828912, 6.458385e-08, -1.3622162e-07, 0.9780673)
bones/26/rotation = Quaternion(-0.52415913, -0.20912683, 0.045569796, 0.82428557)
bones/27/rotation = Quaternion(-9.740654e-09, 0.9203548, -0.39108446, 7.830904e-08)
bones/27/scale = Vector3(1, 1, 1)
bones/28/position = Vector3(-0.17094508, 0.11358732, 1.557549e-08)
bones/28/rotation = Quaternion(0.9971011, -0.02964724, 0.03143703, 0.06262798)
bones/28/scale = Vector3(1, 1, 1)
bones/29/rotation = Quaternion(0.2832105, -6.406498e-08, 1.9605136e-07, 0.95905787)
bones/30/rotation = Quaternion(-0.56392944, 0.11445384, -0.0093900245, 0.8177994)
bones/31/rotation = Quaternion(3.035913e-08, 0.9203548, -0.39108446, -6.953383e-08)
bones/31/scale = Vector3(1, 1, 1)
bones/32/rotation = Quaternion(0.7071068, -2.2930234e-07, -4.6055177e-08, 0.7071068)
bones/33/position = Vector3(0.20218208, 0.025990263, 0.20518117)
bones/33/rotation = Quaternion(-0.7071068, -7.052851e-08, -7.0528486e-08, 0.7071068)
bones/34/rotation = Quaternion(9.6579225e-09, 1.7795515e-09, 0.98571914, -0.1683977)
bones/35/position = Vector3(-2.6049376e-08, 0.21343614, -5.171498e-09)
bones/35/rotation = Quaternion(-1.012734e-07, 0.39108434, 0.92035484, -3.3509146e-08)
bones/36/position = Vector3(8.589881e-09, 0.16565004, -2.4096307e-09)
bones/37/rotation = Quaternion(1, -2.3313629e-09, 1.9977652e-07, -1.3421114e-15)
bones/39/rotation = Quaternion(0.7071068, -3.823849e-08, 1.4500867e-07, 0.7071068)
bones/40/rotation = Quaternion(-0.7071068, -7.0528515e-08, -7.05285e-08, 0.7071068)
bones/41/rotation = Quaternion(-5.8358944e-09, 6.4383693e-10, 0.9948094, 0.10175614)
bones/42/position = Vector3(-1.114822e-08, 0.21343614, -2.5094192e-15)
bones/42/rotation = Quaternion(-1.05795515e-07, 0.39108434, 0.92035484, -2.5864264e-08)
bones/43/position = Vector3(-6.3112755e-09, 0.16565004, 2.7069498e-09)
bones/43/rotation = Quaternion(-0.391084, -6.885e-08, -6.56287e-08, 0.920355)
bones/44/rotation = Quaternion(1, 3.7652574e-09, 1.9487908e-07, 7.4505815e-09)
bones/46/rotation = Quaternion(-0.7071068, -7.279511e-08, -7.279509e-08, 0.7071068)
bones/47/position = Vector3(0.52084064, 0.7858232, -0.057637352)
bones/47/rotation = Quaternion(0.7946267, -1.1175871e-07, 0.6070983, -5.9604645e-08)
bones/48/rotation = Quaternion(-0.7071068, -7.279511e-08, -7.279509e-08, 0.7071068)
bones/49/position = Vector3(-0.5108437, 0.7858231, 0.05973692)
bones/49/rotation = Quaternion(-0.7582528, -1.527369e-07, 0.65196073, -1.1175871e-08)

[node name="1H_Sword_Offhand" parent="Rig/Skeleton3D" index="0" unique_id=702586942]
transform = Transform3D(1.3198653e-06, 0.26286364, 0.96483225, 0.9999933, -0.0032796205, 0.00089319324, 0.0033995886, 0.9648266, -0.26286182, 0.5121947, 0.633989, -0.0023800582)
visible = false

[node name="Badge_Shield" parent="Rig/Skeleton3D" index="1" unique_id=437754441]
transform = Transform3D(1.3422825e-06, 0.26286343, 0.9648323, 0.9999933, -0.0032821558, 0.00089386, 0.00340221, 0.96482664, -0.2628616, 0.6625979, 0.6341283, -0.043356363)
visible = false

[node name="Rectangle_Shield" parent="Rig/Skeleton3D" index="2" unique_id=2006447081]
transform = Transform3D(1.3422825e-06, 0.26286343, 0.9648323, 0.9999933, -0.0032821558, 0.00089386, 0.00340221, 0.96482664, -0.2628616, 0.6625979, 0.6341283, -0.043356363)
visible = false

[node name="Round_Shield" parent="Rig/Skeleton3D" index="3" unique_id=1642568327]
transform = Transform3D(1.3422825e-06, 0.26286343, 0.9648323, 0.9999933, -0.0032821558, 0.00089386, 0.00340221, 0.96482664, -0.2628616, 0.6625979, 0.6341283, -0.043356363)
visible = false

[node name="Spike_Shield" parent="Rig/Skeleton3D" index="4" unique_id=1700585556]
transform = Transform3D(1.3422825e-06, 0.26286343, 0.9648323, 0.9999933, -0.0032821558, 0.00089386, 0.00340221, 0.96482664, -0.2628616, 0.6625979, 0.6341283, -0.043356363)
visible = false

[node name="1H_Sword" parent="Rig/Skeleton3D" index="5" unique_id=1805368644]
transform = Transform3D(-0.00039818016, -0.15164462, 0.98843443, 0.99999774, -0.0016854962, 0.00014326538, 0.0016449, 0.9884328, 0.15164489, -0.4961159, 0.63826764, 0.13925114)
visible = false

[node name="2H_Sword" parent="Rig/Skeleton3D" index="6" unique_id=635319864]
transform = Transform3D(-0.0003981959, -0.15164462, 0.98843443, 0.99999774, -0.0016855109, 0.00014327906, 0.0016449124, 0.9884328, 0.15164489, -0.4961159, 0.63826764, 0.13925114)

[node name="Knight_Helmet" parent="Rig/Skeleton3D" index="7" unique_id=285606774]
transform = Transform3D(0.9997204, -1.4014349e-09, 0.023646597, 1.3934147e-09, 0.99999994, 3.5568634e-10, -0.023646597, -3.226374e-10, 0.9997204, 4.6986912e-07, 1.2013028, -1.197793e-07)

[node name="Knight_Cape" parent="Rig/Skeleton3D" index="8" unique_id=1851400103]
transform = Transform3D(0.9962748, -5.1496167e-09, 0.08623532, 5.1304343e-09, 0.99999994, 4.4407705e-10, -0.08623532, 1.8800716e-15, 0.9962748, -1.6302259e-08, 1.2013028, -1.4013642e-07)

[node name="AnimationTree" type="AnimationTree" parent="." index="3" unique_id=1945591538]
tree_root = SubResource("AnimationNodeStateMachine_dd6xu")
anim_player = NodePath("../AnimationPlayer")
parameters/conditions/idle = true
parameters/conditions/jump = false
parameters/conditions/run = false
